%YAML:1.0
---
model_type: scaramuzza
camera_name: camera
image_width: 1920
image_height: 1080
poly_parameters:
   p0: -5.8160849481959008e+02
   p1: 0.
   p2: 9.3178931421926566e-04
   p3: -6.1243316467414323e-07
   p4: 1.5923174797862302e-10
inv_poly_parameters:
   p0: 9.1710104540937607e+02
   p1: 5.2886700369566620e+02
   p2: -2.3710061389167515e+02
   p3: -2.0317446270549289e+02
   p4: -4.3082326329706426e+01
   p5: 2.7904378083177521e+00
affine_parameters:
   ac: 9.9943028593408179e-01
   ad: 1.7355538095130884e-03
   ae: -4.0564745279047859e-03
   cx: 9.6333136718796698e+02
   cy: 5.3897257223565589e+02
